function out=pinkcmap()
out=[
0,0,0
0.0064258,0,0.0064258
0.012852,0,0.012852
0.019277,0,0.019277
0.025703,0,0.025703
0.032129,0,0.032129
0.038555,0,0.038555
0.04498,0,0.04498
0.051406,0,0.051406
0.057832,0,0.057832
0.064258,0,0.064258
0.070683,0,0.070683
0.077109,0,0.077109
0.083535,0,0.083535
0.089961,0,0.089961
0.096386,0,0.096386
0.10281,0,0.10281
0.10924,0,0.10924
0.11566,0,0.11566
0.12209,0,0.12209
0.12852,0,0.12852
0.13494,0,0.13494
0.14137,0,0.14137
0.14779,0,0.14779
0.15422,0,0.15422
0.16064,0,0.16064
0.16707,0,0.16707
0.1735,0,0.1735
0.17992,0,0.17992
0.18635,0,0.18635
0.19277,0,0.19277
0.1992,0,0.1992
0.20562,0,0.20562
0.21205,0,0.21205
0.21848,0,0.21848
0.2249,0,0.2249
0.23133,0,0.23133
0.23775,0,0.23775
0.24418,0,0.24418
0.2506,0,0.2506
0.25703,0,0.25703
0.26346,0,0.26346
0.26988,0,0.26988
0.27631,0,0.27631
0.28273,0,0.28273
0.28916,0,0.28916
0.29559,0,0.29559
0.30201,0,0.30201
0.30844,0,0.30844
0.31486,0,0.31486
0.32129,0,0.32129
0.32771,0,0.32771
0.33414,0,0.33414
0.34057,0,0.34057
0.34699,0,0.34699
0.35342,0,0.35342
0.35984,0,0.35984
0.36627,0,0.36627
0.37269,0,0.37269
0.37912,0,0.37912
0.38555,0,0.38555
0.39197,0,0.39197
0.3984,0,0.3984
0.40482,0,0.40482
0.41125,0,0.41125
0.41767,0,0.41767
0.4241,0,0.4241
0.43053,0,0.43053
0.43695,0,0.43695
0.44338,0,0.44338
0.4498,0,0.4498
0.45623,0,0.45623
0.46265,0,0.46265
0.46908,0,0.46908
0.47551,0,0.47551
0.48193,0,0.48193
0.48836,0,0.48836
0.49478,0,0.49478
0.50121,0,0.50121
0.50764,0,0.50764
0.51406,0,0.51406
0.52049,0,0.52049
0.52691,0,0.52691
0.53334,0,0.53334
0.53976,0,0.53976
0.54619,0,0.54619
0.55262,0,0.55262
0.55904,0,0.55904
0.56547,0,0.56547
0.57189,0,0.57189
0.57832,0,0.57832
0.58474,0,0.58474
0.59117,0,0.59117
0.5976,0,0.5976
0.60402,0,0.60402
0.61045,0,0.61045
0.61687,0,0.61687
0.6233,0,0.6233
0.62972,0,0.62972
0.63615,0,0.63615
0.64258,0,0.64258
0.649,0,0.649
0.65543,0,0.65543
0.66185,0,0.66185
0.66828,0,0.66828
0.67471,0,0.67471
0.68113,0,0.68113
0.68756,0,0.68756
0.69398,0,0.69398
0.70041,0,0.70041
0.70683,0,0.70683
0.71326,0,0.71326
0.71969,0,0.71969
0.72611,0,0.72611
0.73254,0,0.73254
0.73896,0,0.73896
0.74539,0,0.74539
0.75181,0,0.75181
0.75824,0,0.75824
0.76467,0,0.76467
0.77109,0,0.77109
0.77752,0,0.77752
0.78394,0,0.78394
0.79037,0,0.79037
0.79679,0,0.79679
0.80322,0,0.80322
0.80965,0,0.80965
0.81607,0,0.81607
0.8225,0,0.8225
0.82892,0,0.82892
0.83535,0,0.83535
0.84177,0,0.84177
0.8482,0,0.8482
0.85463,0,0.85463
0.86105,0,0.86105
0.86748,0,0.86748
0.8739,0,0.8739
0.88033,0,0.88033
0.88676,0,0.88676
0.89318,0,0.89318
0.89961,0,0.89961
0.90603,0,0.90603
0.91246,0,0.91246
0.91888,0,0.91888
0.92531,0,0.92531
0.93174,0,0.93174
0.93816,0,0.93816
0.94459,0,0.94459
0.95101,0,0.95101
0.95744,0,0.95744
0.96386,0,0.96386
0.97029,0,0.97029
0.97672,0,0.97672
0.98314,0,0.98314
0.98957,0,0.98957
0.9898,0.022222,0.9898
0.99003,0.044444,0.99003
0.99026,0.066667,0.99026
0.99049,0.088889,0.99049
0.99073,0.11111,0.99073
0.99096,0.13333,0.99096
0.99119,0.15556,0.99119
0.99142,0.17778,0.99142
0.99165,0.2,0.99165
0.99189,0.22222,0.99189
0.99212,0.24444,0.99212
0.99235,0.26667,0.99235
0.99258,0.28889,0.99258
0.99281,0.31111,0.99281
0.99304,0.33333,0.99304
0.99328,0.35556,0.99328
0.99351,0.37778,0.99351
0.99374,0.4,0.99374
0.99397,0.42222,0.99397
0.9942,0.44444,0.9942
0.99444,0.46667,0.99444
0.99467,0.48889,0.99467
0.9949,0.51111,0.9949
0.99513,0.53333,0.99513
0.99536,0.55556,0.99536
0.9956,0.57778,0.9956
0.99583,0.6,0.99583
0.99606,0.62222,0.99606
0.99629,0.64444,0.99629
0.99652,0.66667,0.99652
0.99675,0.68889,0.99675
0.99699,0.71111,0.99699
0.99722,0.73333,0.99722
0.99745,0.75556,0.99745
0.99768,0.77778,0.99768
0.99791,0.8,0.99791
0.99815,0.82222,0.99815
0.99838,0.84444,0.99838
0.99861,0.86667,0.99861
0.99884,0.88889,0.99884
0.99907,0.91111,0.99907
0.9993,0.93333,0.9993
0.99954,0.95556,0.99954
0.99977,0.97778,0.99977
1,1,1];
